name: bakta
channels:
  - bioconda
  - conda-forge
  - defaults
dependencies:
  - _libgcc_mutex=0.1=conda_forge
  - _openmp_mutex=4.5=1_gnu
  - alive-progress=1.6.2=pyhd3deb0d_0
  - aragorn=1.2.38=hec16e2b_5
  - bakta=1.3.3=pyhdfd78af_0
  - biopython=1.79=py310h6acc77f_1
  - blast=2.12.0=hf3cf87c_4
  - boost-cpp=1.74.0=h6cacc03_7
  - brotlipy=0.7.0=py310h6acc77f_1003
  - bzip2=1.0.8=h7f98852_4
  - c-ares=1.18.1=h7f98852_0
  - ca-certificates=2021.10.8=ha878542_0
  - certifi=2021.10.8=py310hff52083_1
  - cffi=1.15.0=py310h0fdd8cc_0
  - charset-normalizer=2.0.12=pyhd8ed1ab_0
  - cryptography=36.0.1=py310h685ca39_0
  - curl=7.82.0=h7bff187_0
  - diamond=2.0.14=hb97b32f_1
  - entrez-direct=16.2=he881be0_0
  - hmmer=3.3.2=h87f3376_2
  - icu=69.1=h9c3ff4c_0
  - idna=3.3=pyhd8ed1ab_0
  - infernal=1.1.4=pl5321hec16e2b_1
  - isa-l=2.30.0=ha770c72_4
  - keyutils=1.6.1=h166bdaf_0
  - krb5=1.19.2=h3790be6_4
  - ld_impl_linux-64=2.36.1=hea4e1c9_2
  - libblas=3.9.0=13_linux64_openblas
  - libcblas=3.9.0=13_linux64_openblas
  - libcurl=7.82.0=h7bff187_0
  - libedit=3.1.20191231=he28a2e2_2
  - libev=4.33=h516909a_1
  - libffi=3.4.2=h7f98852_5
  - libgcc-ng=11.2.0=h1d223b6_13
  - libgfortran-ng=11.2.0=h69a702a_13
  - libgfortran5=11.2.0=h5c6108e_13
  - libgomp=11.2.0=h1d223b6_13
  - liblapack=3.9.0=13_linux64_openblas
  - libnghttp2=1.47.0=h727a467_0
  - libnsl=2.0.0=h7f98852_0
  - libopenblas=0.3.18=pthreads_h8fe5266_0
  - libssh2=1.10.0=ha56f1ee_2
  - libstdcxx-ng=11.2.0=he4da1e4_13
  - libuuid=2.32.1=h7f98852_1000
  - libzlib=1.2.11=h36c2ea0_1013
  - lz4-c=1.9.3=h9c3ff4c_1
  - ncbi-amrfinderplus=3.10.23=h6e70893_1
  - ncurses=6.3=h9c3ff4c_0
  - numpy=1.22.3=py310h45f3432_0
  - openssl=1.1.1l=h7f98852_0
  - pbzip2=1.1.13=0
  - pcre=8.45=h9c3ff4c_0
  - perl=5.32.1=2_h7f98852_perl5
  - perl-archive-tar=2.40=pl5321hdfd78af_0
  - perl-carp=1.38=pl5321hdfd78af_4
  - perl-common-sense=3.75=pl5321hdfd78af_0
  - perl-compress-raw-bzip2=2.101=pl5321h87f3376_1
  - perl-compress-raw-zlib=2.101=pl5321h87f3376_2
  - perl-encode=3.16=pl5321hec16e2b_1
  - perl-exporter=5.72=pl5321hdfd78af_2
  - perl-exporter-tiny=1.002002=pl5321hdfd78af_0
  - perl-extutils-makemaker=7.64=pl5321hd8ed1ab_0
  - perl-io-compress=2.102=pl5321h87f3376_1
  - perl-io-zlib=1.11=pl5321hdfd78af_0
  - perl-json=4.05=pl5321hdfd78af_0
  - perl-json-xs=2.34=pl5321h9f5acd7_5
  - perl-list-moreutils=0.430=pl5321hdfd78af_0
  - perl-list-moreutils-xs=0.430=pl5321hec16e2b_1
  - perl-parent=0.236=pl5321hdfd78af_2
  - perl-pathtools=3.75=pl5321hec16e2b_3
  - perl-scalar-list-utils=1.61=pl5321hec16e2b_1
  - perl-types-serialiser=1.01=pl5321hdfd78af_0
  - pigz=2.6=h27826a3_0
  - piler-cr=1.06=h9f5acd7_2
  - pip=22.0.4=pyhd8ed1ab_0
  - prodigal=2.6.3=hec16e2b_4
  - pycparser=2.21=pyhd8ed1ab_0
  - pyopenssl=22.0.0=pyhd8ed1ab_0
  - pysocks=1.7.1=py310hff52083_4
  - python=3.10.2=h85951f9_4_cpython
  - python-isal=0.11.1=py310h6acc77f_1
  - python_abi=3.10=2_cp310
  - readline=8.1=h46c0cb4_0
  - requests=2.27.1=pyhd8ed1ab_0
  - setuptools=60.9.3=py310hff52083_0
  - sqlite=3.37.0=h9cd32fc_0
  - tk=8.6.12=h27826a3_0
  - trnascan-se=2.0.9=pl5321hec16e2b_3
  - tzdata=2021e=he74cb21_0
  - urllib3=1.26.8=pyhd8ed1ab_1
  - wheel=0.37.1=pyhd8ed1ab_0
  - xopen=1.4.0=py310hff52083_0
  - xz=5.2.5=h516909a_1
  - zlib=1.2.11=h36c2ea0_1013
  - zstd=1.5.2=ha95c52a_0
prefix: /home/laura/miniconda3/envs/bakta
